Part 1
Result:  1818
Runtime: 0.000998
Part 2
Result:  631
Runtime: 0.004987
