Part 1
Result:  20975
Runtime: 0.001024
Part 2
Result:  910339449193
Runtime: 0.009973
