Part 1
Result:  1479  *  541  =  800139
Runtime: 0.000587
Part 2
Result:  1604  *  131  *  285  =  59885340
Runtime: 0.000586
