Part 1
Result:  31161678
Runtime: 0.000997
Part 2
Result:  5453868
Runtime: 0.000998
