Part 1
Result:  31754
Runtime: 0.004987
Part 2
Result:  35436
Runtime: 2.889439
