Part 1
Result:  140656720229539
Runtime: 0.006981
Part 2
Result:  1885
Runtime: 0.457314
