Part 1
Result:  237
Runtime: 0.000996
Part 2
Result:  172
Runtime: 0.002993
