Part 1
Result:  24987653
Runtime: 0.000000
Part 2
Result:  442938711161
Runtime: 6.223558
