Part 1
Result:  259
Runtime: 0.000973
Part 2
Result:  210612924879242
Runtime: 0.000997
