Part 1
Result:  7147789965219
Runtime: 0.006981
Part 2
Result:  136824720421264
Runtime: 0.001994
