Part 1
Result:  205
Runtime: 0.004987
Part 2
Result:  80902
Runtime: 0.001995
