Part 1
Result:  2275
Runtime: 0.021942
Part 2
Result:  2121
Runtime: 0.044882
