Part 1
Result:  485
Runtime: 0.000997
Part 2
Result:  3933
Runtime: 0.201043
