Part 1
Result:  64 * 32 = 2048
Runtime: 0.000996
Part 2
Result:  1322306994176
Runtime: 0.000997
