Part 1
Result:  12181021
Runtime: 0.178140
Part 2
Runtime: 0.000000
