Part 1
Result:  7997531787333
Runtime: 0.004959
Part 2
Result:  3564822193820
Runtime: 0.077817
