Part 1
Result:  280
Runtime: 0.000998
Part 2
Result:  4355551200
Runtime: 0.004987
