Part 1
Result:  600
Runtime: 0.000997
Part 2
Result:  245
Runtime: 0.005984
