Part 1
Result:  276
Runtime: 0.000972
Part 2
Result:  31916
Runtime: 1.969405
