Part 1
Result:  6742
Runtime: 0.001023
Part 2
Result:  3447
Runtime: 0.001995
