Part 1
Result:  883
Runtime: 0.000997
Part 2
Result:  532
Runtime: 0.003990
